15 15
19 21
25 30
33 40
43 47
52 54
59 61
68 68
74 72
81 77
86 80
93 83
95 84
97 85
98 85
98 86
99 86
102 86
105 86
110 86
115 86
118 86
124 86
129 86
132 86
134 84
139 84
140 84
141 84
140 86
138 87
138 88
138 89
138 92
138 95
138 98
138 103
138 109
137 113
134 118
132 123
130 126
128 127
128 128
127 129
127 130
126 131
125 131
123 130
122 127
119 123
117 117
115 112
113 105
111 100
107 91
105 85
105 80
105 76
105 72
105 70
105 69
105 68
105 66
105 65
106 63
107 63
110 63
112 63
115 63
116 63
117 63
118 63
118 64
118 65
118 67
118 68
118 69
118 72
118 73
118 76
117 77
115 77
114 77
114 76
114 75
115 72
120 65
123 61
125 59
131 58
134 56
135 56
137 56
140 56
141 56
141 58
139 62
138 62
135 65
134 67
133 68
131 70
129 72
128 72
127 72
124 72
122 72
121 72
119 72
116 75
114 78
110 86
107 94
103 101
102 107
97 115
96 120
94 127
92 130
90 134
90 136
90 138
90 136
90 133
90 131
90 127
90 122
90 116
90 111
91 101
92 96
95 90
96 83
100 75
105 70
109 66
114 63
116 62
119 61
120 61
122 61
